Forward : 
yp_1 = -256.65662/x + (4.20121)
yn_1 = -258.05432/x + (-4.2302)

yp_2 = -273.16389/x + (4.32203)
yn_2 = -284.11687/x + (-4.37313)

yp_3 = -281.29877/x + (4.28761)
yn_3 = -280.38192/x + (-4.41995)

yp_4 = -280.10091/x + (4.37398)
yn_4 = -269.91224/x + (-4.28225)


Reverse : 
yp_1 = -256.65662 / (x - (4.20121))
yn_1 = -258.05432 / (x - (-4.2302))

yp_2 = -273.16389 / (x - (4.32203))
yn_2 = -284.11687 / (x - (-4.37313))

yp_3 = -281.29877 / (x - (4.28761))
yn_3 = -280.38192 / (x - (-4.41995))

yp_4 = -280.10091 / (x - (4.37398))
yn_4 = -269.91224 / (x - (-4.28225))


ap1 = -256.65662, bp1 = 4.20121, an1 = -258.05432, bn1 = -4.2302, ap2 = -273.16389, bp2 = 4.32203, an2 = -284.11687, bn2 = -4.37313, ap3 = -281.29877, bp3 = 4.28761, an3 = -280.38192, bn3 = -4.41995, ap4 = -280.10091, bp4 = 4.37398, an4 = -269.91224, bn4 = -4.28225;