image_width: 1280
image_height: 720
camera_name: "csi_cam_0"
camera_matrix:
  rows: 3
  cols: 3
  data: [837.33878,  0.00000, 461.98415, 837.33878,  0.00000, 461.98415, 0.00000, 0.00000, 1.00000 ]
distortion_model: "plumb_bob"
distortion_coefficients:
  rows: 1
  cols: 5
  data: [-0.06821,  0.04055,  0.01012,  -0.00683,  0.41099]
rectification_matrix:
  rows: 3
  cols: 3
  data: [1.0, 0.0, 0.0, 0.0, 1.0, 0.0, 0.0, 0.0, 1.0]
projection_matrix:
  rows: 3
  cols: 4
  data: [837.33878,  0.00000, 461.98415,  0.13250, 837.33878,  0.00000, 461.98415, 0.00000, 0.00000, 0.00000, 1.00000,  0.00000]
