image_width: 1280
image_height: 720
camera_name: "csi_cam_0"
camera_matrix:
  rows: 3
  cols: 3
  data: [837.33878,  0.00000, 461.98415, 837.33878,  0.00000, 461.98415, 0.00000, 0.00000, 1.00000 ]
distortion_model: "plumb_bob"
distortion_coefficients:
  rows: 1
  cols: 5
  data: [-0.06821,  0.04055,  0.01012,  -0.00683,  0.41099]
rectification_matrix:
  rows: 3
  cols: 3
  data: [1.0, 0.0, 0.0, 0.0, 1.0, 0.0, 0.0, 0.0, 1.0]
projection_matrix:
  rows: 3
  cols: 4
  data: [837.33878,  0.00000, 461.98415,  0.13250, 837.33878,  0.00000, 461.98415, 0.00000, 0.00000, 0.00000, 1.00000,  0.00000]


# Date: "Fri Jan 5 14:20:20 2024\n"
# FrameWidth: 1280
# FrameHeight: 720
# camera_name: csi_cam_0
# CameraMatrix: !!opencv-matrix
#   rows: 3
#   cols: 3
#   data: [837.3387805545755  0.00000 461.9841510424424 837.3387805545755  0.00000 461.9841510424424 0.00000 0.00000 1.00000 ]
# DistortionCoeffs: [-0.06821265990603226  0.040558384048905084  0.010123563747357853  -0.006835161650474545  0.41099977409539384]
# RectificationMatrix: !!opencv-matrix
#   rows: 3
#   cols: 3
#   data: [1.0, 0.0, 0.0, 0.0, 1.0, 0.0, 0.0, 0.0, 1.0]
# ProjectionMatrix: !!opencv-matrix
#   rows: 3
#   cols: 4
#   data: [837.3387805545755  0.00000 461.9841510424424  0.1325 837.3387805545755  0.00000 461.9841510424424 0.00000 0.00000 0.00000 1.00000  0.079]



#   image_width: 1280
# image_height: 720
# camera_name: csi_cam_0
# camera_matrix:
#   rows: 3
#   cols: 3
#   data: [837.3387805545755  0.00000 461.9841510424424 837.3387805545755  0.00000 461.9841510424424 0.00000 0.00000 1.00000 ]
# distortion_model: plumb_bob
# distortion_coefficients:
#   rows: 1
#   cols: 5
#   data: [-0.06821265990603226  0.040558384048905084  0.010123563747357853  -0.006835161650474545  0.41099977409539384]
# rectification_matrix:
#   rows: 3
#   cols: 3
#   data: [1.0, 0.0, 0.0, 0.0, 1.0, 0.0, 0.0, 0.0, 1.0]
# projection_matrix:
#   rows: 3
#   cols: 4
#   data: [837.3387805545755  0.00000 461.9841510424424  0.1325 837.3387805545755  0.00000 461.9841510424424 0.00000 0.00000 0.00000 1.00000  0.079]

