image: src/mobot_pkg/config/map.pgm
resolution: 0.050000
origin: [-3.604354, -2.015967, 0.000000]
negate: 0
occupied_thresh: 0.65
free_thresh: 0.196

