Forward : 
yp_1 = -160.009/x + (4.39476)
yn_1 = -162.88575/x + (-4.35132)

yp_2 = -146.00019/x + (4.21889)
yn_2 = -170.41074/x + (-4.51622)

yp_3 = -176.47135/x + (4.44955)
yn_3 = -159.15366/x + (-4.20662)

yp_4 = -149.16155/x + (4.29408)
yn_4 = -160.36608/x + (-4.50658)


Reverse : 
yp_1 = -160.009 / (x - (4.39476))
yn_1 = -162.88575 / (x - (-4.35132))

yp_2 = -146.00019 / (x - (4.21889))
yn_2 = -170.41074 / (x - (-4.51622))

yp_3 = -176.47135 / (x - (4.44955))
yn_3 = -159.15366 / (x - (-4.20662))

yp_4 = -149.16155 / (x - (4.29408))
yn_4 = -160.36608 / (x - (-4.50658))


ap = [-160.009, -146.00019, -176.47135, -149.16155]
bp = [4.39476, 4.21889, 4.44955, 4.29408]
an = [-162.88575, -170.41074, -159.15366, -160.36608]
bn = [-4.35132, -4.51622, -4.20662, -4.50658]



ap1 = -160.009, bp1 = 4.39476, an1 = -162.88575, bn1 = -4.35132, ap2 = -146.00019, bp2 = 4.21889, an2 = -170.41074, bn2 = -4.51622, ap3 = -176.47135, bp3 = 4.44955, an3 = -159.15366, bn3 = -4.20662, ap4 = -149.16155, bp4 = 4.29408, an4 = -160.36608, bn4 = -4.50658;
****Variance****
var_ap1 = [ 6.70304 -0.04068], var_bp1 = [-0.04068  0.00027], 
var_an1 = [1.85736 0.0114 ], var_bn1 = [1.14e-02 8.00e-05], 
var_ap2 = [ 4.06422 -0.02467], var_bp2 = [-0.02467  0.00016], 
var_an2 = [2.74436 0.01685], var_bn2 = [0.01685 0.00011], 
var_ap3 = [12.37193 -0.07509], var_bp3 = [-0.07509  0.00049], 
var_an3 = [7.22878 0.04437], var_bn3 = [0.04437 0.00029], 
var_ap4 = [ 2.81712 -0.0171 ], var_bp4 = [-0.0171   0.00011], 
var_an4 = [2.79887 0.01718], var_bn4 = [0.01718 0.00011];
