Forward : 
yp_1 = -143.21693/x + (4.31598)
yn_1 = -139.48209/x + (-4.22564)

yp_2 = -146.35979/x + (4.29486)
yn_2 = -154.50459/x + (-4.41595)

yp_3 = -130.29756/x + (4.36087)
yn_3 = -123.10459/x + (-4.24997)

yp_4 = -136.70724/x + (4.27206)
yn_4 = -134.60437/x + (-4.34679)


Reverse : 
yp_1 = -143.21693 / (x - (4.31598))
yn_1 = -139.48209 / (x - (-4.22564))

yp_2 = -146.35979 / (x - (4.29486))
yn_2 = -154.50459 / (x - (-4.41595))

yp_3 = -130.29756 / (x - (4.36087))
yn_3 = -123.10459 / (x - (-4.24997))

yp_4 = -136.70724 / (x - (4.27206))
yn_4 = -134.60437 / (x - (-4.34679))


ap = [-143.21693, -146.35979, -130.29756, -136.70724]
bp = [4.31598, 4.29486, 4.36087, 4.27206]
an = [-139.48209, -154.50459, -123.10459, -134.60437]
bn = [-4.22564, -4.41595, -4.24997, -4.34679]



ap1 = -143.21693, bp1 = 4.31598, an1 = -139.48209, bn1 = -4.22564, ap2 = -146.35979, bp2 = 4.29486, an2 = -154.50459, bn2 = -4.41595, ap3 = -130.29756, bp3 = 4.36087, an3 = -123.10459, bn3 = -4.24997, ap4 = -136.70724, bp4 = 4.27206, an4 = -134.60437, bn4 = -4.34679;
****Variance****
var_ap1 = [ 2.19519 -0.01766], var_bp1 = [-0.01766  0.00018], 
var_an1 = [0.94254 0.00768], var_bn1 = [7.68e-03 8.00e-05], 
var_ap2 = [ 1.27873 -0.01029], var_bp2 = [-0.01029  0.0001 ], 
var_an2 = [4.1276  0.03363], var_bn2 = [0.03363 0.00034], 
var_ap3 = [ 0.72869 -0.00586], var_bp3 = [-5.86e-03  6.00e-05], 
var_an3 = [0.23358 0.0019 ], var_bn3 = [1.9e-03 2.0e-05], 
var_ap4 = [ 0.82854 -0.00667], var_bp4 = [-6.67e-03  7.00e-05], 
var_an4 = [0.35051 0.00286], var_bn4 = [2.86e-03 3.00e-05];
