Forward : 
yp_1 = -143.92841/x + (4.24317)
yn_1 = -144.49779/x + (-4.24786)

yp_2 = -154.91457/x + (4.34635)
yn_2 = -160.34701/x + (-4.41028)

yp_3 = -154.10579/x + (4.41528)
yn_3 = -151.05045/x + (-4.33355)

yp_4 = -154.60975/x + (4.26154)
yn_4 = -158.41455/x + (-4.43898)


Reverse : 
yp_1 = -143.92841 / (x - (4.24317))
yn_1 = -144.49779 / (x - (-4.24786))

yp_2 = -154.91457 / (x - (4.34635))
yn_2 = -160.34701 / (x - (-4.41028))

yp_3 = -154.10579 / (x - (4.41528))
yn_3 = -151.05045 / (x - (-4.33355))

yp_4 = -154.60975 / (x - (4.26154))
yn_4 = -158.41455 / (x - (-4.43898))


ap = [-143.92841, -154.91457, -154.10579, -154.60975]
bp = [4.24317, 4.34635, 4.41528, 4.26154]
an = [-144.49779, -160.34701, -151.05045, -158.41455]
bn = [-4.24786, -4.41028, -4.33355, -4.43898]



ap1 = -143.92841, bp1 = 4.24317, an1 = -144.49779, bn1 = -4.24786, ap2 = -154.91457, bp2 = 4.34635, an2 = -160.34701, bn2 = -4.41028, ap3 = -154.10579, bp3 = 4.41528, an3 = -151.05045, bn3 = -4.33355, ap4 = -154.60975, bp4 = 4.26154, an4 = -158.41455, bn4 = -4.43898;
****Variance****
var_ap1 = [ 3.48741 -0.02841], var_bp1 = [-0.02841  0.00029], 
var_an1 = [0.56651 0.00467], var_bn1 = [4.67e-03 5.00e-05], 
var_ap2 = [ 2.06506 -0.01683], var_bp2 = [-0.01683  0.00017], 
var_an2 = [5.89011 0.0486 ], var_bn2 = [0.0486 0.0005], 
var_ap3 = [ 3.15351 -0.02569], var_bp3 = [-0.02569  0.00026], 
var_an3 = [5.52547 0.04559], var_bn3 = [0.04559 0.00047], 
var_ap4 = [16.09442 -0.13113], var_bp4 = [-0.13113  0.00134], 
var_an4 = [2.83614 0.0234 ], var_bn4 = [0.0234  0.00024];
