Forward : 
yp_1 = -150.61793/x + (4.27373)
yn_1 = -148.47458/x + (-4.24042)

yp_2 = -158.4042/x + (4.3164)
yn_2 = -166.4961/x + (-4.42413)

yp_3 = -165.29882/x + (4.56555)
yn_3 = -151.14043/x + (-4.24936)

yp_4 = -153.1074/x + (4.14697)
yn_4 = -160.6376/x + (-4.47939)


Reverse : 
yp_1 = -150.61793 / (x - (4.27373))
yn_1 = -148.47458 / (x - (-4.24042))

yp_2 = -158.4042 / (x - (4.3164))
yn_2 = -166.4961 / (x - (-4.42413))

yp_3 = -165.29882 / (x - (4.56555))
yn_3 = -151.14043 / (x - (-4.24936))

yp_4 = -153.1074 / (x - (4.14697))
yn_4 = -160.6376 / (x - (-4.47939))


ap = [-150.61793, -158.4042, -165.29882, -153.1074]
bp = [4.27373, 4.3164, 4.56555, 4.14697]
an = [-148.47458, -166.4961, -151.14043, -160.6376]
bn = [-4.24042, -4.42413, -4.24936, -4.47939]



ap1 = -150.61793, bp1 = 4.27373, an1 = -148.47458, bn1 = -4.24042, ap2 = -158.4042, bp2 = 4.3164, an2 = -166.4961, bn2 = -4.42413, ap3 = -165.29882, bp3 = 4.56555, an3 = -151.14043, bn3 = -4.24936, ap4 = -153.1074, bp4 = 4.14697, an4 = -160.6376, bn4 = -4.47939;
****Variance****
var_ap1 = [ 4.00872 -0.03266], var_bp1 = [-0.03266  0.00033], 
var_an1 = [0.96923 0.008  ], var_bn1 = [8.e-03 8.e-05], 
var_ap2 = [ 3.75488 -0.03059], var_bp2 = [-0.03059  0.00031], 
var_an2 = [8.76801 0.07235], var_bn2 = [0.07235 0.00074], 
var_ap3 = [ 6.85108 -0.05582], var_bp3 = [-0.05582  0.00057], 
var_an3 = [6.24265 0.05151], var_bn3 = [0.05151 0.00053], 
var_ap4 = [17.80256 -0.14505], var_bp4 = [-0.14505  0.00148], 
var_an4 = [3.39028 0.02797], var_bn4 = [0.02797 0.00029];
