Forward : 
yp_1 = -143.43261/x + (4.258)
yn_1 = -136.47367/x + (-4.14155)

yp_2 = -142.59382/x + (4.1809)
yn_2 = -154.42653/x + (-4.38274)

yp_3 = -132.61952/x + (4.3085)
yn_3 = -109.44524/x + (-3.96527)

yp_4 = -129.01718/x + (4.09066)
yn_4 = -134.05504/x + (-4.28928)


Reverse : 
yp_1 = -143.43261 / (x - (4.258))
yn_1 = -136.47367 / (x - (-4.14155))

yp_2 = -142.59382 / (x - (4.1809))
yn_2 = -154.42653 / (x - (-4.38274))

yp_3 = -132.61952 / (x - (4.3085))
yn_3 = -109.44524 / (x - (-3.96527))

yp_4 = -129.01718 / (x - (4.09066))
yn_4 = -134.05504 / (x - (-4.28928))


ap = [-143.43261, -142.59382, -132.61952, -129.01718]
bp = [4.258, 4.1809, 4.3085, 4.09066]
an = [-136.47367, -154.42653, -109.44524, -134.05504]
bn = [-4.14155, -4.38274, -3.96527, -4.28928]



ap1 = -143.43261, bp1 = 4.258, an1 = -136.47367, bn1 = -4.14155, ap2 = -142.59382, bp2 = 4.1809, an2 = -154.42653, bn2 = -4.38274, ap3 = -132.61952, bp3 = 4.3085, an3 = -109.44524, bn3 = -3.96527, ap4 = -129.01718, bp4 = 4.09066, an4 = -134.05504, bn4 = -4.28928;
****Variance****
var_ap1 = [22.30158 -0.16039], var_bp1 = [-0.16039  0.00142], 
var_an1 = [12.40059  0.08974], var_bn1 = [0.08974 0.0008 ], 
var_ap2 = [24.88939 -0.179  ], var_bp2 = [-0.179    0.00158], 
var_an2 = [10.62999  0.07692], var_bn2 = [0.07692 0.00068], 
var_ap3 = [29.10861 -0.20934], var_bp3 = [-0.20934  0.00185], 
var_an3 = [58.04429  0.42004], var_bn3 = [0.42004 0.00373], 
var_ap4 = [36.68458 -0.26382], var_bp4 = [-0.26382  0.00233], 
var_an4 = [13.42963  0.09718], var_bn4 = [0.09718 0.00086];
