Forward : 
yp_1 = -188.20627/x + (4.52182)
yn_1 = -183.36784/x + (-4.37894)

yp_2 = -173.32657/x + (4.31568)
yn_2 = -205.12899/x + (-4.67605)

yp_3 = -218.38976/x + (4.76275)
yn_3 = -191.50974/x + (-4.26249)

yp_4 = -153.79884/x + (4.05594)
yn_4 = -183.83753/x + (-4.4918)


Reverse : 
yp_1 = -188.20627 / (x - (4.52182))
yn_1 = -183.36784 / (x - (-4.37894))

yp_2 = -173.32657 / (x - (4.31568))
yn_2 = -205.12899 / (x - (-4.67605))

yp_3 = -218.38976 / (x - (4.76275))
yn_3 = -191.50974 / (x - (-4.26249))

yp_4 = -153.79884 / (x - (4.05594))
yn_4 = -183.83753 / (x - (-4.4918))


ap = [-188.20627, -173.32657, -218.38976, -153.79884]
bp = [4.52182, 4.31568, 4.76275, 4.05594]
an = [-183.36784, -205.12899, -191.50974, -183.83753]
bn = [-4.37894, -4.67605, -4.26249, -4.4918]



ap1 = -188.20627, bp1 = 4.52182, an1 = -183.36784, bn1 = -4.37894, ap2 = -173.32657, bp2 = 4.31568, an2 = -205.12899, bn2 = -4.67605, ap3 = -218.38976, bp3 = 4.76275, an3 = -191.50974, bn3 = -4.26249, ap4 = -153.79884, bp4 = 4.05594, an4 = -183.83753, bn4 = -4.4918;
****Variance****
var_ap1 = [ 2.17833 -0.01535], var_bp1 = [-0.01535  0.00013], 
var_an1 = [0.90912 0.00648], var_bn1 = [6.48e-03 5.00e-05], 
var_ap2 = [11.5282  -0.08122], var_bp2 = [-0.08122  0.00066], 
var_an2 = [1.44963 0.01034], var_bn2 = [1.034e-02 9.000e-05], 
var_ap3 = [ 8.92127 -0.06286], var_bp3 = [-0.06286  0.00051], 
var_an3 = [8.27794 0.05902], var_bn3 = [0.05902 0.00049], 
var_ap4 = [ 3.70643 -0.02611], var_bp4 = [-0.02611  0.00021], 
var_an4 = [1.49956 0.01069], var_bn4 = [1.069e-02 9.000e-05];
