Forward : 
yp_1 = -156.24596/x + (4.23815)
yn_1 = -157.00181/x + (-4.27643)

yp_2 = -165.97551/x + (4.36329)
yn_2 = -174.04037/x + (-4.4339)

yp_3 = -155.69695/x + (4.59189)
yn_3 = -141.91634/x + (-4.2611)

yp_4 = -139.97149/x + (4.13725)
yn_4 = -150.46193/x + (-4.49149)


Reverse : 
yp_1 = -156.24596 / (x - (4.23815))
yn_1 = -157.00181 / (x - (-4.27643))

yp_2 = -165.97551 / (x - (4.36329))
yn_2 = -174.04037 / (x - (-4.4339))

yp_3 = -155.69695 / (x - (4.59189))
yn_3 = -141.91634 / (x - (-4.2611))

yp_4 = -139.97149 / (x - (4.13725))
yn_4 = -150.46193 / (x - (-4.49149))


ap = [-156.24596, -165.97551, -155.69695, -139.97149]
bp = [4.23815, 4.36329, 4.59189, 4.13725]
an = [-157.00181, -174.04037, -141.91634, -150.46193]
bn = [-4.27643, -4.4339, -4.2611, -4.49149]



ap1 = -156.24596, bp1 = 4.23815, an1 = -157.00181, bn1 = -4.27643, ap2 = -165.97551, bp2 = 4.36329, an2 = -174.04037, bn2 = -4.4339, ap3 = -155.69695, bp3 = 4.59189, an3 = -141.91634, bn3 = -4.2611, ap4 = -139.97149, bp4 = 4.13725, an4 = -150.46193, bn4 = -4.49149;
****Variance****
var_ap1 = [12.48507 -0.10172], var_bp1 = [-0.10172  0.00104], 
var_an1 = [2.6274  0.02168], var_bn1 = [0.02168 0.00022], 
var_ap2 = [ 6.30216 -0.05135], var_bp2 = [-0.05135  0.00052], 
var_an2 = [21.56458  0.17793], var_bn2 = [0.17793 0.00183], 
var_ap3 = [ 0.96025 -0.00782], var_bp3 = [-7.82e-03  8.00e-05], 
var_an3 = [1.14202 0.00942], var_bn3 = [0.00942 0.0001 ], 
var_ap4 = [ 4.06777 -0.03314], var_bp4 = [-0.03314  0.00034], 
var_an4 = [0.86875 0.00717], var_bn4 = [7.17e-03 7.00e-05];
